 

7,7 7 7 , ,7 ,7 7 Ξ
77777 77717777777771 mo
ιΙ κ. 777777 7 7, ,,7777,

7777..

77. ,7777777777 7777777

,,77 ,7777777777

7777 777 7777777

777777777. 77 7777 7 777 777717777
7777 77777777 ,77 7
ιπ77777 ..77777777 7 7.7777 777
777-7117: . 777 7 ,7777 777

7777,
77 ,7,,77777 C

:777—2777. 777
.7177777

,77777777 , v

7 77 7777 7,,77,7 α.
77 , 7777777 m
7. 77777777( Ὁ

77 177777777777771 7

777777777..
7777 7777777777777 777

777777177-,77

7777777777
777777777777 7 7 7 ,777777
77],17777777 777 . 7777 ,7777
7777777 77.7s77.7777
ι7777777777, , 7 777 ‚77 77 7 777..7777
777777, 777177 7 ,,,77777 771 7,7,777,,
..... 777777

7 7777777 77 7777777

,777 777 77777777... 777

777777777777

..7,7
,77 ,7777 7 777,7

,7777777777 7777 77777 .7777 777777,7 77777777777
-..7717 77,777,7 7 7,7777,,777 7777772,
,1,77777777 777 77777777 ,7,77,

,,777777

,7777777

1577777: 7 77757777

17777777 7777777777 7 77 7717777 77777777777777
772 777777777777 7777.
,7777777777777 77 7777 777 777 77777777
L:— 777777777777 777 777 77777777 71...
..177 7 77777 7777777777 .7.7777.7
,777777 77777777 7 7 777777 7,7 777777777777
,9777777 7,7 77,7 7 7777777777777 777777777777
,777777 7777777777 , 77777 777 77777777 απ,
,777777777 7 7177777 ,77-7777777777
7777777777777777 777777777777777577h

:7777777777 77777 77777 777 77777777 ,7.777,

777777

7777777777 777-,777 7777

.s7777. 7 ,,77 777 7777777777— .77
777,4 777-,7777777777

77777777 7.777777777 7 7777 ...77ae ‚7777777777772727

1772 777777777777 7 ,777777 777 77777777 ,77777

77—777777..

7fi7777777777 ..77777777 7 7771.- 77777777777 0777777777177

277 7777 ,1,777777 , 777 7777 ,[7777777777777777,.

7217777777777777 7 717777772 77777777 777777

77 7,7 7777

7777777777777777777

   

7777 ,7, 7,7, 7.
7. 77777777 7η 7 , Ξ
>7772 7777777777777777] κ 77 7, 777

777.,77 ,,77, 77777777777 7777777777 7.7 . 777, 7 77 0

Ξ 7777: 777777777777777 ,ὦ ,7777 77 77 77
7777 7 77oe7
777 7 ,π-

777 ,7 ,,77 ,

77 ,777777 [ι ,κ ,77777 ,7,7777777777 777 , 7 7777, ,7
77 ,7,,7777 , ,7,7, , ἒ

,77777 7777 777ῐι ί- 777> 77777772 ,κζ ,77777 7777777773 .7 , 77 77777777( 07

..s 7 777777777777777 ,,κ7-

7777777777777777777771x¹7717777777777l> 7177777777β1>77777 7777773
77 , 7.777777777... 7777777

77777, ,7 777 ,77777 ,777777777777, 7777 ..7 77 7777 7777 777,,7 7,7

..77777777 777.7 77777 7777777,77777777777777777777 777777777777777777

,177777 771. 777777 . . ,7777777777 7777!7.777 777-7< 77

777 7777777777 77777777777,7,777 77 77717777777 77 7,777 ,7777777777 77

7777777.

7777777777 77 7 ..77]7777777 777- 777777

77— 7777?ae 77777717777- :777-7777. 777 77777

[7777777 7771. 77777

, , , , 7777777777 7777717777 ..7777777

77777 7 777 77777.77777 777 771777777777 7 7772777777 777 7777777777777777777

77777,7 7 77 7777 77 77,77,7777,,. 777 7777 77777 7777777777 777 77777777 .7,.,

,7777777 77777777777777777

.7.77777.J7777 77777, 7777777777 77777777777777777 ,77777777 7 7277777

777 7777 77 777 7777777777, 77777777 7777777777777 777777777 77 7777 7,7 7777777771,

7777777777 777 7.7777377177777777? 7,7,7 777 7,7,771777777777 77777777 7777

,,,777777

ι77,], 77777777 ,7777777κ,, 77777 7777777777 7777777777

, , . . , 7 7777777777

›777777 77s777777 ‚7.7777777777 777 777 [77777777 ,777777 77777777 7777777

7777 777777777777 ,77777777 77777777777777 77777777 7777777 77777777, κ ,777777

..7777 777777171777 7777717777.. 7777777777777. 777 777—:777 777 77777777— ,77-,7

ι777
11777777

77:777. 7 777 [777

17777777777 777.777 ,777777 777] 7. 77 77777771. 7777. 777Η777 777777 7777 77777777,-

77 77777777 7 7777 7.7 777. 777-7777 7777

d ,7277777777 7777777 . , , . , 7777377777 ..,,77
7777777 777777171777777 77777777. 7.777777 777777717 77.7777s7777 7777777717777. 71777777
7777 ‚177777777 7.77777 ,7777777 77:7777777777777 7,7,777777777 7.777 .7.7„J.7777.77777

7777777

,77777777 77777777 77777777 ,7,7-7

,7777777777 777777 7777777777.. 7,77777777ι7777777 77.:777777777777777 777 77777777 ,177

...7777777772 7777777

. 7777777777777 77:777777—77ss 777-..7777777777 77777777777..777777.7s

,7,7-7777777.. 777 [7777777 ,1,77777777 ,177777 777777777777777 77777772777

77717177777 7

,77777 777777 7777,,77777 7777> 77777—77777777777777777777( 77777777 77 777177777
77. 77777777 7,77,

77777,- 7777777777777777

..77:577 :777—77:777 7777—777 7777777777777777: 7777777 777
7777777777-

α7777Ὶ777777777777- .7,[,,]7777777 27:77777777 7,7 7.77.s7 771777 777777777777 ,77,7777

,777-77:777. 7,7-777 777777777

¹77777777 777777777777 777771777777777 7777777777,- 77777777777 777. 77777777 ,7,777,

,7,7-7777777777 77777777777777777 ,7777777777

7,7. 77 7777777777 ,17:777 7777777777777 7777777777777777 777777 7,77,77 77777777,

77.s,.s777.777 ...77777777777 ⁷.7. ...17777777777 7.77777 . . 77777777, 7777
.777777777.7.17.s.77.1..17777 777 77777777777777777777777 77777777 7777777777

-777,7ι, 777777 ,1777777 ,177777777777777777 77777777777777777 7777 77 77777777.777.7

7.7: 7ae,7‚7ss7.777 :777-7.7 777

 

 

